30 31 32 33 34 35 36 37 38 39
40 41 42 43 44 45 46 47 48 49
50 51 52 53 54 55 56 57 58 59
60 61 62 63 64 65 66 67 68 69
70 71 72 73 74 75 76 77 78 79
80 81 82 83 84 85 86 87 88 89
90 91 92 93 94 95 96 97 98 99
100 101 102 103 104
13680 13681 13682 13683 13684 13685 13686 13687 13688 13689
13690 13691 13692 13693 13694 13695 13696 13697 13698 13699
13700 13701 13702 13703 13704 13705 13706 13707 13708 13709
13710 13711 13712 13713 13714 13715 13716 13717 13718 13719
13720 13721 13722 13723 13724 13725 13726 13727 13728 13729
13730 13731 13732 13733 13734 13735 13736 13737 13738 13739
13740 13741 13742 13743 13744 13745 13746 13747 13748 13749
13750 13751 13752 13753 13754
.

		@(#)m320140	6.1

	Alternate Track File
140-Mb MAXTOR XT1140

