48 49 50 51 52 53 54 55
56 57 58 59 60 61 62 63
64 65 66 67 68 69 70 71
72 73 74 75 76 77 78 79
8120 8121 8122 8123 8124 8125 8126 8127
8128 8129 8130 8131 8132 8133 8134 8135
8136 8137 8138 8139 8140 8141 8142 8143
8144 8145 8146 8147 8148 8149 8150 8151
8152 8153 8154 8155 8156 8157 8158 8159
8160 8161 8162 8163 8164 8165 8166 8167
8168 8169 8170 8171 8172 8173 8174 8175
8176 8177 8178 8179 8180 8181 8182 8183
8184 8185 8186 8187 8188 8189 8190 8191
40 41 42 43 44 45 46 47
32 33 34 35 36 37 38 39
24 25 26 27 28 29 30 31
16 17 18 19 20 21 22 23
.

	@(#)m32070m	6.4	
Alternate Track file
70-Mbyte Micropolis or Miniscribe Drive
