8568 8569 
8570 8571 8572 8573 8574 8575 8576 8577 8578 8579
8580 8581 8582 8583 8584 8585 8586 8587 8588 8589
8590 8591 8592 8593 8594 8595 8596 8597 8598 8599
8600 8601 8602 8603 8604 8605 8606 8607 8608 8609
8610 8611 8612 8613 8614 8615 8616 8617 8618 8619
8620 8621 8622 8623 8624 8625 8626 8627 8628 8629
8630 8631 8632 8633 8634 8635 8636 8637 8638 8639
8640 8641 8642 8643 8644 8645 8646 8647 8648 8649
8650 8651 8652 8653 8654 8655 8656 8657 8658 8659
8660 8661 8662 8663 8664 8665 8666 8667 8668 8669
8670 8671 8672 8673 8674 8675 8676 8677 8678 8679
8680 8681 8682 8683 8684 8685 8686 8687 8688 8689
8690 8691 8692 8693 8694 8695 8696 8697 8698 8699
8700 8701 8702 8703 8704 8705 8706 8707 8708 8709
8710 8711
.
* dot signals end of file
