20 21 22 23 24 25 26 27 28 29
30 31 32 33 34 35 36 37 38 39
40 41 42 43 44 45 46 47 48 49
50 51 52 53 54 55 56 57 58 59
660 661 662 663 664 665 666 667 668 669
670 671 672 673 674 675 676 677 678 679
680 681 682 683 684 685 686 687 688 689
8170 8171 8172 8173 8174 8175 8176 8177 8178 8179
8180 8181 8182 8183 8184 8185 8186 8187 8188 8189
8190 8191 8192 8193 8194 8195 8196 8197 8198 8199
8200 8201 8202 8203 8204 8205 8206 8207 8208 8209
8210 8211 8212 8213 8214 8215 8216 8217 8218 8219

. (dot ends the input)

@(#)m360cmd337	6.1	12/10/85

Alternate track file
